sasaki@alpha ~ $ ~sasaki/Lab09_soln
SDC Simulator sample solution: CS 350 Lab 8
Read memory: At the prompt, enter the value for the indicated
memory address.  Enter a number > 9999 or < -9999 when you're done.
Loc 00: -9000 9100 9225 5301 4300 2322 9400 7010 0000 0000 1002 2013 1121 0000 6001 2013 -6101 9300 8113 7039 0000 3 0000 0 0 72 101 108 108 111 44 32 119 111 114 108 100 33 0 1801 3801 1000 3000 2099 5700 2700 7099 99999
Loc 01: Loc 02: Loc 03: Loc 04: Loc 05: Loc 06: Loc 07: Loc 08: Loc 09: Loc 10: Loc 11: Loc 12: Loc 13: Loc 14: Loc 15: Loc 16: Loc 17: Loc 18: Loc 19: Loc 20: Loc 21: Loc 22: Loc 23: Loc 24: Loc 25: Loc 26: Loc 27: Loc 28: Loc 29: Loc 30: Loc 31: Loc 32: Loc 33: Loc 34: Loc 35: Loc 36: Loc 37: Loc 38: Loc 39: Loc 40: Loc 41: Loc 42: Loc 43: Loc 44: Loc 45: Loc 46: Loc 47:
Initial value of memory:
  00: -9000  9100  9225  5301  4300    2322  9400  7010  0000  0000
  10:  1002  2013  1121  0000  6001    2013 -6101  9300  8113  7039
  20:  0000  0003  0000  0000  0000    0072  0101  0108  0108  0111
  30:  0044  0032  0119  0111  0114    0108  0100  0033  0000  1801
  40:  3801  1000  3000  2099  5700    2700  7099  0000  0000  0000
  50:  0000  0000  0000  0000  0000    0000  0000  0000  0000  0000
  60:  0000  0000  0000  0000  0000    0000  0000  0000  0000  0000
  70:  0000  0000  0000  0000  0000    0000  0000  0000  0000  0000
  80:  0000  0000  0000  0000  0000    0000  0000  0000  0000  0000
  90:  0000  0000  0000  0000  0000    0000  0000  0000  0000  0000

Beginning execution; type h for help
> h
Simulator commands:
h or ? for help (prints this message)
d to dump the control unit
An integer > 0 to execute that many instruction cycles
Or just return, which executes one instruction cycle

SDC Instruction set:
 0xxx: HALT
 1RMM: Load R <- M[MM]
 2RMM: Store M[MM] <- R
 3RMM: Add M[MM] to R
 4Rxx: Negate R
 5RMM: Load Immediate R <- MM
 6RMM: Add Immediate R <- R + MM
 7xMM: Branch to MM
 8RMM: Branch Positive to MM if R > 0;
 90xx: Read char into R0
 91xx: Print char in R0
 92MM: Print string starting at MM.
 93MM: Dump control unit.
 94MM: Dump memory.

> 3
At 00 instr 9 0 00: I/O  Read char
Enter a char (and press return): z
R0 <- 122
At 01 instr 9 1 00: I/O  1: Print char in R0 (= 122): z
At 02 instr 9 2 25: I/O  2: Print string: Hello, world!
>
At 03 instr 5 3 01: LDM  R3 <- 1
> 10
At 04 instr 4 3 00: NEG  R3 <- -(R3) = -1
At 05 instr 2 3 22: ST   M[22] <- R3 = -1
At 06 instr 9 4 00: I/O  4: Dump Memory:
  00: -9000  9100  9225  5301  4300    2322  9400  7010  0000  0000
  10:  1002  2013  1121  0000  6001    2013 -6101  9300  8113  7039
  20:  0000  0003 -0001  0000  0000    0072  0101  0108  0108  0111
  30:  0044  0032  0119  0111  0114    0108  0100  0033  0000  1801
  40:  3801  1000  3000  2099  5700    2700  7099  0000  0000  0000
  50:  0000  0000  0000  0000  0000    0000  0000  0000  0000  0000
  60:  0000  0000  0000  0000  0000    0000  0000  0000  0000  0000
  70:  0000  0000  0000  0000  0000    0000  0000  0000  0000  0000
  80:  0000  0000  0000  0000  0000    0000  0000  0000  0000  0000
  90:  0000  0000  0000  0000  0000    0000  0000  0000  0000  0000
At 07 instr 7 0 10: BR   10
At 10 instr 1 0 02: LD   R0 <- M[02] = 9225
At 11 instr 2 0 13: ST   M[13] <- R0 = 9225
At 12 instr 1 1 21: LD   R1 <- M[21] = 3
At 13 instr 9 2 25: I/O  2: Print string: Hello, world!
At 14 instr 6 0 01: ADDM R0 <- R0 + 1 = 9225 + 1 = 9226
At 15 instr 2 0 13: ST   M[13] <- R0 = 9226
> 10
At 16 instr 6 1 01: ADDM R1 <- R1 + -1 = 3 + -1 = 2
At 17 instr 9 3 00: I/O  3: Dump Control Unit:
  PC:  0018  IR:  9300

  R0:  9226  R1:  0002  R2:  0000  R3: -0001  R4:  0000
  R5:  0000  R6:  0000  R7:  0000  R8:  0000  R9:  0000
At 18 instr 8 1 13: BRP  13 if R1 = 2 > 0: Yes
At 13 instr 9 2 26: I/O  2: Print string: ello, world!
At 14 instr 6 0 01: ADDM R0 <- R0 + 1 = 9226 + 1 = 9227
At 15 instr 2 0 13: ST   M[13] <- R0 = 9227
At 16 instr 6 1 01: ADDM R1 <- R1 + -1 = 2 + -1 = 1
At 17 instr 9 3 00: I/O  3: Dump Control Unit:
  PC:  0018  IR:  9300

  R0:  9227  R1:  0001  R2:  0000  R3: -0001  R4:  0000
  R5:  0000  R6:  0000  R7:  0000  R8:  0000  R9:  0000
At 18 instr 8 1 13: BRP  13 if R1 = 1 > 0: Yes
At 13 instr 9 2 27: I/O  2: Print string: llo, world!
> d
Dumping
  PC:  0014  IR:  9227

  R0:  9227  R1:  0001  R2:  0000  R3: -0001  R4:  0000
  R5:  0000  R6:  0000  R7:  0000  R8:  0000  R9:  0000

  00: -9000  9100  9225  5301  4300    2322  9400  7010  0000  0000
  10:  1002  2013  1121  9227  6001    2013 -6101  9300  8113  7039
  20:  0000  0003 -0001  0000  0000    0072  0101  0108  0108  0111
  30:  0044  0032  0119  0111  0114    0108  0100  0033  0000  1801
  40:  3801  1000  3000  2099  5700    2700  7099  0000  0000  0000
  50:  0000  0000  0000  0000  0000    0000  0000  0000  0000  0000
  60:  0000  0000  0000  0000  0000    0000  0000  0000  0000  0000
  70:  0000  0000  0000  0000  0000    0000  0000  0000  0000  0000
  80:  0000  0000  0000  0000  0000    0000  0000  0000  0000  0000
  90:  0000  0000  0000  0000  0000    0000  0000  0000  0000  0000
> 10
At 14 instr 6 0 01: ADDM R0 <- R0 + 1 = 9227 + 1 = 9228
At 15 instr 2 0 13: ST   M[13] <- R0 = 9228
At 16 instr 6 1 01: ADDM R1 <- R1 + -1 = 1 + -1 = 0
At 17 instr 9 3 00: I/O  3: Dump Control Unit:
  PC:  0018  IR:  9300

  R0:  9228  R1:  0000  R2:  0000  R3: -0001  R4:  0000
  R5:  0000  R6:  0000  R7:  0000  R8:  0000  R9:  0000
At 18 instr 8 1 13: BRP  13 if R1 = 0 > 0: No
At 19 instr 7 0 39: BR   39
At 39 instr 1 8 01: LD   R8 <- M[01] = 9100
At 40 instr 3 8 01: ADD  R8 <- R8 + M[01] = 9100 + 9100 = 8200
At 41 instr 1 0 00: LD   R0 <- M[00] = -9000
At 42 instr 3 0 00: ADD  R0 <- R0 + M[00] = -9000 + -9000 = -8000
>
At 43 instr 2 0 99: ST   M[99] <- R0 = -8000
>
At 44 instr 5 7 00: LDM  R7 <- 0
>
At 45 instr 2 7 00: ST   M[00] <- R7 = 0
>
At 46 instr 7 0 99: BR   99
>
At 99 instr 8 0 00: BRP  00 if R0 = -8000 > 0: No
>
Illegal pc = 100; halting
>
Halted
>
Halted
> 5
Halted
Halted
Halted
Halted
Halted
> q
Quitting

Control Unit:
  PC:  0100  IR: -8000

  R0: -8000  R1:  0000  R2:  0000  R3: -0001  R4:  0000
  R5:  0000  R6:  0000  R7:  0000  R8:  8200  R9:  0000

Memory:
  00:  0000  9100  9225  5301  4300    2322  9400  7010  0000  0000
  10:  1002  2013  1121  9228  6001    2013 -6101  9300  8113  7039
  20:  0000  0003 -0001  0000  0000    0072  0101  0108  0108  0111
  30:  0044  0032  0119  0111  0114    0108  0100  0033  0000  1801
  40:  3801  1000  3000  2099  5700    2700  7099  0000  0000  0000
  50:  0000  0000  0000  0000  0000    0000  0000  0000  0000  0000
  60:  0000  0000  0000  0000  0000    0000  0000  0000  0000  0000
  70:  0000  0000  0000  0000  0000    0000  0000  0000  0000  0000
  80:  0000  0000  0000  0000  0000    0000  0000  0000  0000  0000
  90:  0000  0000  0000  0000  0000    0000  0000  0000  0000 -8000
sasaki@alpha ~ $